

-1 -1 -1
-1 -1 -1 -1 -1 -1
-1 -1 -1 -1 -1 -1 -1 -1 -1                                                              /|      __
-1 -1 -1 -1 -1 -1 -1 -1 -1 -1 -1                                                       / |   ,-~ /
   -1 -1 -1 -1 -1 -1 -1 -1 -1 -1 -1 -1 -1 -1                                          Y :|  //  /
            -1 -1 -1 -1 -1 -1 -1 -1 -1 -1 -1 -1 -1                                    | jj /( .^
                     -1 -1 -1 -1 -1 -1 -1 -1 -1 -1 -1 -1 -1                           >-"~"-v"
                              -1 -1 -1 -1 -1 -1 -1 -1 -1 -1 -1                       /       Y
                                       -1 -1 -1 -1 -1 -1 -1 -1 -1                   jo  o    |
                                          -1 -1 -1 -1 -1 -1 -1 -1                  ( ~T~     j
                              -1 -1 -1 -1 -1 -1 -1 -1 -1 -1 -1                      >._-' _./
                        -1 -1 -1 -1 -1 -1 -1 -1 -1 -1 -1 -1                        /   "~"  |
               -1 -1 -1 -1 -1 -1 -1 -1 -1 -1 -1 -1 -1 -1
      -1 -1 -1 -1 -1 -1 -1 -1 -1 -1 -1 -1 -1
-1 -1 -1 -1 -1 -1 -1 -1 -1 -1 -1 -1 -1
-1 -1 -1 -1 -1 -1 -1 -1 -1
-1 -1 -1 -1 -1 -1 -1
-1 -1 -1 -1
-1

                            -1 -1 -1 -1 -1 -1 -1 -1 -1 -1 -1 -1 -1 -1 -1 -1 -1 -1 -1 -1 -1 -1 -1 -1
                            -1 -1 -1 -1 -1 -1 -1 -1 -1 -1 -1 -1 -1 -1 -1 -1 -1 -1 -1 -1 -1 -1 -1 -1



-1 -1 -1 -1 -1 -1 -1 -1 -1 -1 -1 -1 -1 -1 -1 -1 -1 -1 -1 -1 -1 -1 -1 -1 -1 -1 -1 -1 -1 -1 -1 -1 -1 -1
-1 -1 -1 -1 -1 -1 -1 -1 -1 -1 -1 -1 -1 -1 -1 -1 -1 -1 -1 -1 -1 -1 -1 -1 -1 -1 -1 -1 -1 -1 -1 -1 -1 -1